# Camera parameter file. 

# The format of each camera is as follows:
# Filename (of the undistorted image in visualize folder)
# Original filename
# Focal Length (of the undistorted image)
# 2-vec Principal Point (image center)
# 3-vec Translation T (as in P = K[R T])
# 3-vec Camera Position C (as in P = K[R -RC])
# 3-vec Axis Angle format of R
# 4-vec Quaternion format of R
# 3x3 Matrix format of R
# [Normalized radial distortion] = [radial distortion] * [focal length]^2
# 3-vec Lat/Lng/Alt from EXIF

# The nubmer of cameras in this reconstruction
23

00000000.jpg
C:\Users\e.simge\Desktop\lili\107610897_2768102656766356_2536337784657448993_n.jpg
2248.51147461
1024 1024
0.125170946121 0.387599170208 -0.485005289316
0.513369679451 0.158776700497 -0.335220873356
0.486542960876 -2.15472511361 -1.05655214597
0.339585096212 0.186891536325 -0.82767590783 -0.405844230923
-0.699507832527 -0.0337320454419 -0.713829874992
-0.585006654263 0.600725531578 0.544881820679
0.410435736179 0.798744142056 -0.439945548773
0.0299471421106
0 0 0

00000001.jpg
C:\Users\e.simge\Desktop\lili\108051916_202735211112100_1151269428507547547_n.jpg
420.077362061
184 189
1.5493773222 0.240096792579 0.167716652155
1.52976226807 -0.356193095446 0.138912960887
0.027711160617 -2.69398686217 -1.29814458498
0.0754196980607 0.00923966577896 -0.898249574003 -0.43283723348
-0.988452732563 0.0486971922219 -0.143486365676
-0.0818806216121 0.625127851963 0.7762144804
0.127496480942 0.779001891613 -0.613922595978
0.0223650533869
0 0 0

00000002.jpg
C:\Users\e.simge\Desktop\lili\107865652_2332425843728581_6626677398893193123_n.jpg
2221.03393555
1024 1024
3.06107950211 -0.937569439411 1.76753401756
3.35522317886 -1.05477547646 1.00167250633
0.243956170533 2.62198048466 1.32117354378
0.0975687016013 0.0824101535336 0.885723914385 0.446301949853
-0.967377901077 0.0588944815099 0.246397063136
0.233074888587 0.588048577309 0.77451556921
-0.099278666079 0.806678175926 -0.582592070103
-0.00407361740227
0 0 0

00000003.jpg
C:\Users\e.simge\Desktop\lili\107938671_314620799907915_5165193770993797484_n.jpg
418.093414307
184 189
3.77932596207 -5.77645730972 5.66326999664
6.49375772476 -0.0809841156006 -6.12763500214
0.682389583821 1.15208195803 0.564182308597
0.747499041238 0.311962514062 0.52668796909 0.257922652326
0.312150835991 -0.0569797344506 0.948322057724
0.714208006859 0.672310888767 -0.194694086909
-0.626472949982 0.738072633743 0.250557541847
0.0351897196714
0 0 0

00000004.jpg
C:\Users\e.simge\Desktop\lili\107532498_326059725182850_4559446730209996848_n.jpg
2245.27587891
1024 1024
3.46584033966 -5.9049038887 5.10787153244
4.74287319183 0.0873050689697 -7.10407018661
0.751944136076 0.849105346133 0.61754474339
0.798673181034 0.350385024078 0.395659441807 0.287758650411
0.52129727602 -0.182383924723 0.833657920361
0.736916542053 0.588850259781 -0.331977427006
-0.430352419615 0.787395060062 0.441367864609
0.0483927108999
0 0 0

00000005.jpg
C:\Users\e.simge\Desktop\lili\107473082_321707515510810_690139015232288211_n.jpg
2257.75048828
1024 1024
4.08728075027 -4.98729753494 5.21597766876
7.07171201706 0.084183216095 -4.33234453201
0.600393043152 1.46635189077 0.554425781411
0.667945201742 0.26616888578 0.650069572558 0.245790477037
0.0339936465025 0.0177078321576 0.999265551567
0.67440611124 0.737482607365 -0.0360106788576
-0.737577855587 0.675134241581 0.0131269162521
0.0352937141366
0 0 0

00000006.jpg
C:\Users\e.simge\Desktop\lili\108681655_627233728150275_26344510892464369_n.jpg
2221.31787109
1024 1024
3.44177794456 -4.44651126862 4.85904693604
7.12475204468 -0.004399061203 -2.11315917969
0.571300246093 1.707940977 0.57002409376
0.586141986133 0.245033647395 0.73254476957 0.244486299021
-0.192791953683 0.0723891556263 0.97856593132
0.645603895187 0.760369062424 0.0709456428885
-0.738935053349 0.645443677902 -0.193327397108
0.032026155982
0 0 0

00000007.jpg
C:\Users\e.simge\Desktop\lili\108314757_273746243719655_7357709460436220597_n.jpg
2367.32763672
1024 1024
1.54699659348 -6.95929765701 5.38540458679
5.33306980133 1.61217999458 -6.9847574234
0.692405904478 0.809581089406 0.271908132725
0.852669368368 0.329027720068 0.38470876452 0.129209344404
0.67060905695 0.0328139774501 0.741086125374
0.473505377769 0.750091254711 -0.461687833071
-0.571031391621 0.660519599915 0.487479895353
0.093752668583
0 0 0

00000008.jpg
C:\Users\e.simge\Desktop\lili\107537116_276637493556772_7942036462974145641_n.jpg
2346.16650391
1024 1024
1.7267062664 -6.80700016022 6.7603020668
5.39568090439 1.11867046356 -8.04075050354
0.63336713054 0.730108567456 0.279580629748
0.876099457726 0.303493129483 0.349849121174 0.133967798728
0.719316661358 -0.0223846752197 0.694321870804
0.447091788054 0.77988910675 -0.438043236732
-0.531688630581 0.625517427921 0.570995271206
0.0740823160473
0 0 0

00000009.jpg
C:\Users\e.simge\Desktop\lili\107808062_1231218483895185_1417900624002600021_n.jpg
2353.55151367
1024 1024
1.77664279938 -6.94772052765 6.80710220337
4.42027521133 1.24502420425 -8.75643157959
0.629129428121 0.577844218614 0.309536699916
0.898572563302 0.30385584404 0.279086202175 0.149499500437
0.799521505833 -0.0990682169795 0.592410802841
0.438276380301 0.770643889904 -0.462626695633
-0.410706013441 0.629519402981 0.659565210342
0.0710543697625
0 0 0

00000010.jpg
C:\Users\e.simge\Desktop\lili\107495041_2696989280628148_8217612660568531084_n.jpg
2363.5534668
1024 1024
0.752419531345 -6.95880126953 6.73087215424
3.66087341309 1.13155937195 -8.92263031006
0.64432442409 0.36797587436 0.319062723086
0.919557227819 0.313476434534 0.179027460044 0.155230255266
0.887705862522 -0.173244506121 0.426573991776
0.397727906704 0.755272448063 -0.520938158035
-0.231929987669 0.632099926472 0.739363670349
0.0835890572459
0 0 0

00000011.jpg
C:\Users\e.simge\Desktop\lili\107538748_306184427184386_8932402804841737881_n.jpg
2337.54492188
1024 1024
0.628812611103 -6.89739656448 7.29000473022
2.85547614098 0.847685337067 -9.60423851013
0.639728783706 0.246510709257 0.318758195343
0.929393593628 0.312300188759 0.120340592753 0.155610075878
0.922607541084 -0.214081183076 0.320881724358
0.364410847425 0.756508648396 -0.543047308922
-0.126493379474 0.617951869965 0.775973618031
0.077357105242
0 0 0

00000012.jpg
C:\Users\e.simge\Desktop\lili\107485607_943844812707548_8677986102296243458_n.jpg
2355.41870117
1024 1024
0.671698451042 -7.37661314011 6.30252552032
1.92866182327 0.837368011475 -9.49560165405
0.755106923906 0.148773100838 0.310261017541
0.915154920997 0.366813960496 0.072270626326 0.15071782423
0.944122195244 -0.222840771079 0.242848455906
0.328879863024 0.685463130474 -0.649598181248
-0.0217068213969 0.693168222904 0.720448791981
0.0531283583798
0 0 0

00000013.jpg
C:\Users\e.simge\Desktop\lili\107949549_281177346543935_579377644586825863_n.jpg
2270.52490234
1024 1024
-0.236806988716 -7.1181230545 4.39797210693
0.180765450001 -0.30356836319 -8.36307907104
1.0449074547 -0.105505866097 0.182712259823
0.861287619921 0.498065695332 -0.0502904370363 0.0870916446478
0.979772031307 -0.200117871165 0.00012557458831
0.0999259501696 0.488690644503 -0.866715490818
0.173383697867 0.84919577837 0.498802781105
-0.0120690829308
0 0 0

00000014.jpg
C:\Users\e.simge\Desktop\lili\107615098_275952407170493_7617569885187413957_n.jpg
2299.68408203
1024 1024
-1.53665077686 -6.89014673233 3.44821739197
-1.04092991352 -0.00434064865112 -7.78729915619
1.08236342028 -0.435549008934 0.0490903753371
0.834334619309 0.51095290367 -0.205610266048 0.023174166228
0.914374530315 -0.248784273863 -0.319413632154
-0.171444237232 0.476779818535 -0.862141132355
0.366777420044 0.843081653118 0.393302679062
0.00708618779444
0 0 0

00000015.jpg
C:\Users\e.simge\Desktop\lili\107533802_312628339912190_7322740681206433902_n.jpg
2234.39794922
1024 1024
-2.43513703346 -5.04022502899 6.19172430038
-3.08158898354 -1.3319735527 -7.64204931259
0.827132612254 -0.712531953049 -0.0156289142114
0.854652459509 0.393328168441 -0.338831867945 -0.00743205153613
0.770275533199 -0.253840595484 -0.585013329983
-0.279247879982 0.690475583076 -0.667281508446
0.573320627213 0.677354037762 0.460972189903
0.010429245829
0 0 0

00000016.jpg
C:\Users\e.simge\Desktop\lili\107742656_1596488727178433_863459521585292116_n.jpg
2281.49389648
1024 1024
-4.08451032639 -4.77048301697 4.08454227448
-2.99695038795 -0.47927737236 -6.84929323196
0.833445927242 -1.02053104477 -0.196933486576
0.786221152134 0.386581159374 -0.473357732719 -0.0913445888591
0.535177469254 -0.222348302603 -0.814951717854
-0.509616494179 0.684422135353 -0.521399319172
0.673703730106 0.694353818893 0.252975195646
0.0366927400942
0 0 0

00000017.jpg
C:\Users\e.simge\Desktop\lili\107593973_1022290995207334_2122252807281410655_n.jpg
2280.08374023
1024 1024
-4.97240829468 -4.75235414505 3.75264215469
-3.46822834015 -0.300005674362 -7.01950407028
0.816343162675 -1.14319196139 -0.341195701213
0.749961223693 0.373548330071 -0.523110215965 -0.156126847438
0.403960287571 -0.156635567546 -0.90126657486
-0.624991893768 0.67217206955 -0.396950364113
0.667982935905 0.723636686802 0.17363499105
0.00912647582074
0 0 0

00000018.jpg
C:\Users\e.simge\Desktop\lili\107887556_277504963328614_5181050262410454763_n.jpg
2290.41357422
1024 1024
-4.47106266022 -5.03257131577 3.77698945999
-4.22669219971 -0.00892305374146 -6.45893287659
0.808120150846 -1.16504514913 -0.430754914744
0.737837852562 0.368091268113 -0.530667309686 -0.196204886919
0.359791576862 -0.101132914424 -0.927535355091
-0.680202484131 0.652025043964 -0.334944397211
0.638650357723 0.751422286034 0.165802165866
0.0152835376221
0 0 0

00000019.jpg
C:\Users\e.simge\Desktop\lili\107712670_673271356590881_2409268178276189820_n.jpg
2277.25512695
1024 1024
-3.89056587219 -4.1676492691 3.41832542419
-4.23533916473 0.0319554805756 -5.1236333847
0.74713642348 -1.27285399185 -0.473243174175
0.714440272285 0.337282088313 -0.574608383421 -0.213637618311
0.248368322849 -0.0823473706841 -0.965158998966
-0.692872643471 0.681199371815 -0.236419945955
0.676934480667 0.727451682091 0.112131915987
0.0118879753663
0 0 0

00000020.jpg
C:\Users\e.simge\Desktop\lili\107700243_585955412059888_9034137505338787863_n.jpg
2253.50610352
1024 1024
-2.98325991631 -5.04661941528 3.09446811676
-4.58278083801 0.565275430679 -4.75631380081
0.814607031647 -1.1996349418 -0.473795114011
0.722934277638 0.368941935719 -0.543324106458 -0.214585535978
0.317504167557 -0.0906475037336 -0.943914473057
-0.71117246151 0.635669887066 -0.300262331963
0.627236008644 0.766620755196 0.137361824512
0.00111787637131
0 0 0

00000021.jpg
C:\Users\e.simge\Desktop\lili\107836317_311157186593913_1140155674517578011_n.jpg
406.607971191
184 189
3.1059513092 -0.901208937168 1.71995973587
3.39630436897 -1.02246141434 0.914911389351
0.237437208749 2.61377792136 1.32233034531
0.101203356819 0.0803780551379 0.88482503222 0.447639786391
-0.966594398022 0.0516363941133 0.251055538654
0.232846990228 0.586316466331 0.775896430016
-0.107133515179 0.808434545994 -0.578753590584
0.0317354529842
0 0 0

00000022.jpg
C:\Users\e.simge\Desktop\lili\107910382_293518618369099_1330537752044817781_n.jpg
2207.85961914
1024 1024
-3.19373440742 -1.13037395477 0.820048093796
-2.46563339233 0.0293356180191 -2.46372866631
0.582992851352 -1.8344205751 -0.778498968237
0.507812947493 0.241886167848 -0.761108754769 -0.323002471924
-0.367234259844 -0.0401537716389 -0.929261445999
-0.696253120899 0.674321115017 0.246013984084
0.61674207449 0.737345695496 -0.275590896606
0.0520516089814
0 0 0

