# Camera parameter file. 

# The format of each camera is as follows:
# Filename (of the undistorted image in visualize folder)
# Original filename
# Focal Length (of the undistorted image)
# 2-vec Principal Point (image center)
# 3-vec Translation T (as in P = K[R T])
# 3-vec Camera Position C (as in P = K[R -RC])
# 3-vec Axis Angle format of R
# 4-vec Quaternion format of R
# 3x3 Matrix format of R
# [Normalized radial distortion] = [radial distortion] * [focal length]^2
# 3-vec Lat/Lng/Alt from EXIF

# The nubmer of cameras in this reconstruction
12

00000000.jpg
C:\Users\e.simge\Desktop\Licorne\107708044_331354628029461_4309127762361094559_n.jpg
442.371643066
184 189
0.17651642859 0.0338230282068 -0.0659532919526
-0.176632016897 -9.685754776e-007 0.0738449543715
0.387576537448 -0.00700593761661 0.0356940087577
0.981117596167 0.192566996903 -0.00348089277076 0.0177345308856
0.999347746372 -0.0361399240792 -1.45863836565e-007
0.0334587171674 0.925207734108 -0.377985417843
0.0136605147272 0.377738058567 0.925811469555
-0.024172319415
0 0 0

00000001.jpg
C:\Users\e.simge\Desktop\Licorne\107975169_597303080922227_2855269959459416087_n.jpg
2397.05932617
1024 1024
-0.965401649475 -0.0384165532887 -0.231519937515
0.879734516144 0.0795499533415 0.454770863056
0.391774818015 0.262325211856 0.102001283657
0.971052433157 0.193993581327 0.129894533748 0.0505075706929
0.961152732372 -0.0476935505867 0.271865129471
0.14848844707 0.919630885124 -0.363634556532
-0.232672482729 0.389877200127 0.890987694263
0.00184512491325
0 0 0

00000002.jpg
C:\Users\e.simge\Desktop\Licorne\107816159_747175912695107_7237291099956324541_n.jpg
2425.45898438
1024 1024
-1.44510567188 -0.248619347811 0.0734174996614
1.32615315914 0.0460269004107 0.628278851509
0.371112033423 0.526268000677 0.214855265936
0.942945480376 0.182013471865 0.258110374518 0.105376677067
0.844550132751 -0.104769684374 0.525128245354
0.292688161135 0.911534070969 -0.288859993219
-0.448407799006 0.397655129433 0.800500512123
0.0208530610361
0 0 0

00000003.jpg
C:\Users\e.simge\Desktop\Licorne\107757323_292786128588904_2920049505632969269_n.jpg
433.120391846
184 189
0.0532228313386 0.132688313723 0.130211994052
-0.056491240859 -0.171582058072 -0.0690100193024
0.39807110577 0.0031315665792 0.0232484698087
0.980189507831 0.197719478057 0.00155542992336 0.0115473724407
0.999728679657 -0.022022144869 0.0076155140996
0.0232523083687 0.921547949314 -0.387569308281
0.00151704973541 0.387640923262 0.921809256077
-0.0369871598794
0 0 0

00000004.jpg
C:\Users\e.simge\Desktop\Licorne\107897738_1710476042426636_6986492269053596664_n.jpg
434.634887695
184 189
1.28291475773 0.0166505519301 0.145808815956
-1.26420426369 -0.00870230793953 0.262906700373
0.402949638296 -0.309967052179 -0.0124187686589
0.967848566028 0.199310920418 -0.153318957501 -0.00614269371806
0.952911257744 -0.0492258705199 -0.299227654934
-0.0730066597462 0.920475304127 -0.383922100067
0.294330477715 0.387689054012 0.87353682518
-0.025027689912
0 0 0

00000005.jpg
C:\Users\e.simge\Desktop\Licorne\107828103_2618239061760100_3537352092443719159_n.jpg
425.532196045
184 189
2.17038226128 -0.318073064089 0.703554868698
-2.2373919487 -2.68220901489e-007 0.548441231251
0.400981302255 -0.572936903278 -0.124094354707
0.937604516879 0.196303139178 -0.280485179812 -0.0607512401358
0.83527380228 0.00380101217888 -0.54981970787
-0.22404153645 0.915548980236 -0.334029763937
0.502116978168 0.402189075947 0.765586137772
-0.0504488505093
0 0 0

00000006.jpg
C:\Users\e.simge\Desktop\Licorne\107733077_1688266981348773_3685390046723397404_n.jpg
421.717773438
184 189
2.6789586544 -0.635809957981 1.52436244488
-3.0848839283 0.05142557621 0.620973944664
0.347049914266 -0.742465042394 -0.136579633272
0.914940135579 0.16857647415 -0.360645929825 -0.0663423676858
0.731066823006 -0.000194327512872 -0.682306408882
-0.242991507053 0.934361696243 -0.260622531176
0.637571334839 0.35632699728 0.683033287525
-0.0813612440252
0 0 0

00000007.jpg
C:\Users\e.simge\Desktop\Licorne\107693214_1035166176880571_5449603918815880023_n.jpg
419.987182617
184 189
3.23037195206 -0.459820657969 1.45526623726
-3.27579951286 -0.0712329149246 1.42428803444
0.381188896288 -0.842282386796 -0.149321971619
0.892358306261 0.183705436043 -0.405919098495 -0.0719623739678
0.660101950169 -0.0207066703588 -0.750890254974
-0.277571558952 0.922147810459 -0.269440472126
0.698010861874 0.386283814907 0.602963626385
-0.0805116091306
0 0 0

00000008.jpg
C:\Users\e.simge\Desktop\Licorne\107877811_726586628141787_2918840544583836450_n.jpg
2252.7668457
1024 1024
3.35906362534 -0.657285511494 1.53039598465
-3.34774684906 -0.0364137291908 1.68781137466
0.380244771607 -0.912225564704 -0.197971706727
0.875673341526 0.182175976557 -0.437048962929 -0.0948486125164
0.599983751774 0.00687296688557 -0.799982786179
-0.32535263896 0.915631532669 -0.236146360636
0.730865716934 0.401960223913 0.551599919796
-0.0903535870922
0 0 0

00000009.jpg
C:\Users\e.simge\Desktop\Licorne\107535757_737908106959212_470813219408665674_n.jpg
2516.42553711
1024 1024
-3.12184548378 -0.886576831341 1.02822911739
2.55519509315 -2.47359275818e-006 2.24948239326
0.353495288912 1.0721804636 0.351123338925
0.830302174568 0.166631816586 0.505408088765 0.1655137187
0.434335768223 -0.106418706477 0.894442677498
0.443286895752 0.889678001404 -0.109405562282
-0.784123063087 0.444013476372 0.433593034744
0.0606495922571
0 0 0

00000010.jpg
C:\Users\e.simge\Desktop\Licorne\107724032_680461045836770_688211785427814206_n.jpg
467.643737793
184 189
-2.6849796772 -0.738602399826 0.716508507729
2.31548976898 -0.0105640292168 1.70482468605
0.344719462283 0.92848500978 0.339878818926
0.86604795245 0.164592739012 0.443322491511 0.162281483525
0.55425965786 -0.135151848197 0.821297705173
0.427022337914 0.893147945404 -0.141204372048
-0.714456439018 0.42897644639 0.55274862051
0.0581267662253
0 0 0

00000011.jpg
C:\Users\e.simge\Desktop\Licorne\107516738_609864869728801_7569355680876752678_n.jpg
469.330047607
184 189
-2.41681218147 -0.551662266254 0.57466584444
2.18035936356 0.0359597057104 1.3116004467
0.369751156724 0.808124704406 0.267290588014
0.894264531248 0.1783124832 0.389718112188 0.128900877301
0.66300880909 -0.0915596336126 0.742991566658
0.369526296854 0.903178632259 -0.218447074294
-0.651052772999 0.419387042522 0.632648766041
0.0307019942484
0 0 0

