# Camera parameter file. 

# The format of each camera is as follows:
# Filename (of the undistorted image in visualize folder)
# Original filename
# Focal Length (of the undistorted image)
# 2-vec Principal Point (image center)
# 3-vec Translation T (as in P = K[R T])
# 3-vec Camera Position C (as in P = K[R -RC])
# 3-vec Axis Angle format of R
# 4-vec Quaternion format of R
# 3x3 Matrix format of R
# [Normalized radial distortion] = [radial distortion] * [focal length]^2
# 3-vec Lat/Lng/Alt from EXIF

# The nubmer of cameras in this reconstruction
12

00000000.jpg
C:\Users\e.simge\Desktop\Licorne\107708044_331354628029461_4309127762361094559_n.jpg
442.864807129
184 189
0.192242711782 0.032792519778 -0.0614929385483
-0.192376047373 2.20499932766e-005 0.069321423769
0.387746565633 -0.00715463646854 0.0365930706263
0.981092809126 0.192649869317 -0.00355474400767 0.0181810772781
0.999313771725 -0.0370442904532 3.00933170365e-005
0.0343050062656 0.925111532211 -0.378144085407
0.0139802284539 0.377885520458 0.925747096539
-0.0238743264638
0 0 0

00000001.jpg
C:\Users\e.simge\Desktop\Licorne\107975169_597303080922227_2855269959459416087_n.jpg
2396.37426758
1024 1024
-0.948716819286 -0.0385943315923 -0.236517801881
0.8626755476 0.0815846771002 0.454564630985
0.391814938586 0.262057425637 0.10294297594
0.971042074975 0.194012768617 0.129761480938 0.050973686312
0.961127579212 -0.0486444421113 0.271786868572
0.149345934391 0.91952162981 -0.363560408354
-0.232228562236 0.390017837286 0.891041636467
0.00226366151874
0 0 0

00000002.jpg
C:\Users\e.simge\Desktop\Licorne\107816159_747175912695107_7237291099956324541_n.jpg
2424.80859375
1024 1024
-1.42975056171 -0.246220991015 0.0647040605545
1.30864977837 0.0476162843406 0.627827107906
0.371291680766 0.526045082694 0.215786466539
0.94290867498 0.182099285384 0.257997791496 0.105832054387
0.844473600388 -0.105617493391 0.525080502033
0.293542355299 0.911279439926 -0.288797169924
-0.447992920876 0.398014813662 0.800554037094
0.0212533167779
0 0 0

00000003.jpg
C:\Users\e.simge\Desktop\Licorne\107757323_292786128588904_2920049505632969269_n.jpg
432.790161133
184 189
0.0692353025079 0.130015730858 0.126285195351
-0.0725880786777 -0.167165845633 -0.0665741339326
0.397918400275 0.00294495416163 0.0241754670176
0.980199130857 0.197644270068 0.00146274541528 0.0120078451485
0.999707102776 -0.0229619517922 0.00761412922293
0.0241183657199 0.92158472538 -0.387426227331
0.00187900208402 0.387496739626 0.921869516373
-0.0360915579338
0 0 0

00000004.jpg
C:\Users\e.simge\Desktop\Licorne\107897738_1710476042426636_6986492269053596664_n.jpg
435.279724121
184 189
1.29695796967 0.0144737511873 0.156025335193
-1.28075814247 -0.00888175517321 0.257359683514
0.403121202293 -0.310136985102 -0.0116026481435
0.967820767844 0.199393905316 -0.15340156829 -0.00573896215871
0.952870309353 -0.0500661209226 -0.29921913147
-0.0722832679749 0.920417785645 -0.384194284678
0.294641762972 0.387715965509 0.873420059681
-0.0249486244287
0 0 0

00000005.jpg
C:\Users\e.simge\Desktop\Licorne\107828103_2618239061760100_3537352092443719159_n.jpg
426.239349365
184 189
2.18278288841 -0.321917623281 0.71821397543
-2.255890131 -0.000142604112625 0.543104171753
0.401138794629 -0.573302037082 -0.123134245489
0.93756698528 0.196377710058 -0.28066031688 -0.0602804353072
0.835192084312 0.00280303019099 -0.549951314926
-0.223264753819 0.915603995323 -0.334397703409
0.502600073814 0.402071326971 0.765331327915
-0.0507720524481
0 0 0

00000006.jpg
C:\Users\e.simge\Desktop\Licorne\107733077_1688266981348773_3685390046723397404_n.jpg
422.3855896
184 189
2.68925428391 -0.640135169029 1.54100131989
-3.10391950607 0.0525445342064 0.616005301476
0.347051596172 -0.742810242933 -0.135631428698
0.914908962711 0.168575466925 -0.360809703571 -0.065881072655
0.730951726437 -0.00109698681626 -0.682427942753
-0.242197722197 0.934484302998 -0.260921359062
0.638004183769 0.356003463268 0.68279761076
-0.0819353332899
0 0 0

00000007.jpg
C:\Users\e.simge\Desktop\Licorne\107693214_1035166176880571_5449603918815880023_n.jpg
420.621520996
184 189
3.23950242996 -0.464738875628 1.47221028805
-3.29467344284 -0.0695342123508 1.42058181763
0.381194001193 -0.842768980604 -0.14838192467
0.892292811831 0.183703673082 -0.406144264631 -0.0715076955449
0.659866929054 -0.0216088630259 -0.751071751118
-0.276832073927 0.922279179096 -0.269750028849
0.69852668047 0.385919839144 0.602599740028
-0.0809108447366
0 0 0

00000008.jpg
C:\Users\e.simge\Desktop\Licorne\107877811_726586628141787_2918840544583836450_n.jpg
2256.12329102
1024 1024
3.36707878113 -0.662979066372 1.5475975275
-3.36651086807 -0.0344560742378 1.68440961838
0.380181316143 -0.912729125866 -0.197024785078
0.875613857269 0.182141740372 -0.437281014122 -0.0943929533797
0.599750578403 0.00600927649066 -0.800164401531
-0.324597835541 0.915828585625 -0.236419320107
0.731392860413 0.40152400732 0.551219344139
-0.0907580848028
0 0 0

00000009.jpg
C:\Users\e.simge\Desktop\Licorne\107535757_737908106959212_470813219408665674_n.jpg
2516.08154297
1024 1024
-3.11147689819 -0.881047070026 1.01331341267
2.53678655624 9.76026058197e-005 2.24700903893
0.353951070247 1.07191274365 0.352024611652
0.830257140659 0.166843943679 0.505273650693 0.165935857855
0.434327453375 -0.106935083866 0.894385039806
0.444142639637 0.889257073402 -0.109360687435
-0.783643186092 0.444732815027 0.433723151684
0.0610782445755
0 0 0

00000010.jpg
C:\Users\e.simge\Desktop\Licorne\107724032_680461045836770_688211785427814206_n.jpg
467.576293945
184 189
-2.67301154137 -0.733482599258 0.703116774559
2.29723668098 -0.0101622641087 1.702927351
0.345106122309 0.928243196349 0.340794105143
0.86599539534 0.164774277357 0.443198749609 0.162715462788
0.554197132587 -0.135766118765 0.82123875618
0.427877247334 0.892746269703 -0.141156971455
-0.713993549347 0.429618090391 0.552848696709
0.05855142128
0 0 0

00000011.jpg
C:\Users\e.simge\Desktop\Licorne\107516738_609864869728801_7569355680876752678_n.jpg
469.267059326
184 189
-2.40349197388 -0.547681927681 0.562523901463
2.16227030754 0.0364535450935 1.31012237072
0.370084227803 0.807887371624 0.268223224848
0.894220848034 0.178470372811 0.389597690394 0.129348659951
0.66296517849 -0.0922692939639 0.742942452431
0.37039577961 0.90283459425 -0.218395978212
-0.650603055954 0.419971734285 0.632723927498
0.0313437165935
0 0 0

